4294967279,533
4294967279,540
4294967279,0
4294967294,1419
4294967279,358
4294967294,416
644,6
640,7
640,6
640,5
640,1
4294967279,164
4294967279,379
4294967279,545
651,6
651,5
647,6
644,5
648,6
4294967294,969
651,1
647,1
634,4
641,4
644,4
644,1
648,5
636,4
635,4
4294967294,471
640,4
4294967294,61
4294967294,50
4294967294,474
4294967294,1424
4294967278,132
4294967278,131
4294967278,130
4294967278,129
4294967278,128
4294967278,127
4294967278,126
4294967278,125
4294967278,124
4294967278,123
4294967278,122
4294967278,121
4294967278,120
4294967278,119
4294967278,118
4294967278,117
4294967278,116
4294967278,115
4294967278,114
4294967278,113
4294967278,112
4294967278,111
4294967278,110
4294967278,109
4294967278,108
4294967278,107
4294967278,106
4294967278,105
4294967278,104
4294967278,103
4294967278,102
4294967278,101
4294967278,100
4294967278,99
4294967278,98
4294967278,97
4294967278,96
4294967278,95
4294967278,94
4294967278,93
4294967278,92
4294967278,91
4294967278,90
4294967278,89
4294967278,87
4294967278,86
4294967278,85
4294967278,84
4294967278,83
4294967278,82
4294967278,81
4294967278,80
4294967278,79
4294967278,78
4294967278,77
4294967278,76
4294967278,75
4294967278,74
4294967278,73
4294967278,72
4294967278,71
4294967278,70
4294967278,69
4294967278,68
4294967278,67
4294967278,66
4294967278,65
4294967278,64
4294967278,63
4294967278,62
4294967279,83
4294967279,82
4294967279,77
4294967279,76
4294967279,74
4294967279,71
4294967279,68
4294967279,67
4294967279,64
4294967279,63
4294967279,53
4294967279,52
4294967279,49
4294967279,48
4294967279,46
4294967279,44
4294967279,42
4294967279,40
4294967279,25
4294967279,22
4294967279,17
4294967279,16
4294967279,13
4294967279,10
4294967279,310
4294967279,366
4294967279,8
4294967279,7
4294967279,6
4294967279,5
4294967279,4
4294967294,179
4294967294,188
648,4
4294967294,30
4294967294,386
4294967294,165
4294967294,113
4294967294,167
4294967294,470
4294967279,523
4294967279,151
4294967279,364
4294967279,37
4294967279,35
4294967279,532
4294967294,1421
4294967279,531
4294967294,81
4294967294,11
4294967294,175
4294967294,183
4294967294,443
4294967294,419
4294967294,14
4294967294,126
4294967294,166
4294967294,24
4294967294,12
4294967294,104
4294967294,160
4294967294,168
4294967294,68
4294967294,5
4294967279,295
628,4
4294967279,30
4294967279,337
5774,6
4294967294,22
4294967294,9
4294967294,418
4294967294,950
4294967294,921
4294967294,946
4294967279,530
4294967279,28
5774,5
4294967279,23
5774,4
5774,3
5774,2
5774,1
4294967294,475
4294967279,20
4294967279,270
4294967294,46
4294967294,389
4294967294,120
5773,6
4294967279,291
5773,5
4294967279,14
4294967294,107
4294967279,277
4294967294,94
4294967294,96
5773,4
5773,3
5773,2
5773,1
4294967294,1423
4294967294,903
4294967294,185
0,7
4294967294,1
4294967294,2
4294967294,0
4294967294,948
4294967294,92
4294967294,90
4294967294,86
4294967294,1414
0,5
4294967294,949
4294967294,29
4294967294,28
4294967294,27
4294967294,473
4294967294,25
4294967294,44
4294967279,222
4294967294,93
4294967294,95
4294967294,7
4294967279,529
4294967294,6
4294967294,972
4294967294,17
4294967294,67
4294967294,99
4294967294,36
4294967294,41
4294967294,51
4294967294,52
4294967294,26
648,7
4294967294,920
4294967279,525
4294967293,131
4294967293,130
4294967293,129
4294967293,128
4294967293,127
4294967293,126
4294967293,125
4294967293,124
4294967293,123
4294967293,122
4294967293,121
4294967293,120
4294967293,119
4294967293,118
4294967293,117
4294967293,116
4294967293,115
4294967293,114
4294967293,113
4294967293,112
4294967293,111
4294967293,110
4294967293,109
4294967293,108
4294967293,107
4294967293,106
4294967293,105
4294967293,104
4294967293,103
4294967293,102
4294967293,101
4294967293,100
4294967293,99
4294967293,98
4294967293,97
4294967293,96
4294967293,95
4294967293,94
4294967293,93
4294967293,92
4294967293,91
4294967293,90
4294967293,89
4294967293,88
4294967293,87
4294967293,86
4294967293,85
4294967293,84
4294967293,83
4294967293,82
4294967293,81
4294967293,80
4294967293,79
4294967293,78
4294967293,77
4294967293,76
4294967293,75
4294967293,74
4294967293,73
4294967293,72
4294967293,71
4294967293,70
4294967293,69
4294967293,68
4294967293,67
4294967293,66
4294967293,65
4294967293,64
4294967293,63
4294967293,62
4294967293,61
4294967293,60
4294967293,59
4294967293,58
4294967293,57
4294967293,56
4294967293,55
4294967293,54
4294967293,53
4294967293,52
4294967293,51
4294967293,50
4294967293,49
4294967293,48
4294967293,47
4294967293,46
4294967293,45
4294967293,44
4294967293,43
4294967293,42
4294967293,41
4294967293,40
4294967293,39
4294967293,38
4294967293,37
4294967293,36
4294967293,35
4294967293,34
4294967293,33
4294967293,32
